1417440786
1360504034
327767532
268018549
211555377
202465636
198048263
167114208
143955969
131453489
127056619
108656275
107207125
100172968
96907795
85163089
82365918
82379441
82401214
69248801
66742102
65343233
59258552
59865418
57696845
54064854
51243888
51495288
49637889
46402855
44870810
44883460
43915301
42309338
41937391
39808523
38076865
37097574
36749145
36389165
33828613
32720413
32556811
32561720
32229171
31206586
30902735
29763554
29737754
29205127
26563617
25662634
25172327
24911289
24950121
23723010
22674950
20982299
19994776
19538206
19400543
19352738
18493324
18300774
18259023
17833711
17389632
17105593
17078840
16967031
16487657
16349971
15551180
15373247
13197053
13069377
12627962
11713996
11527281
11492101
11620425
11367886
11287022
11131991
11170469
10933369
10627951
10273875
10014013
9966024
9995013
9674546
9598980
9445916
9483113
9187935
8749156
8760878
8574544
8509252
8490966
8075146
7790124
7455106
7016349
7004909
6934092
6508140
6426018
6313996
6170910
6108287
5891987
5826542
5763890
5550939
5450928
5460120
5375133
5238957
5110141
4973698
4906114
4912577
4820115
4768826
4769999
4592348
4229068
4154295
4190426
4036775
3902523
3657100
3500376
3475113
3142112
2935952
2935900
2902332
2869483
2722022
2611478
2351157
2275881
2191256
2085846
2081896
2086789
1921357
1927290
1595437
1402032
1374187
1336489
1334075
1305358
1269586
1193058
977605
915101
886266
840451
821344
784132
636867
629378
628366
593499
570526
573459
556354
449014
447755
436460
432566
401033
385065
385781
338892
292782
286547
287130
284501
281410
262542
210725
198172
179985
166513
161895
119367
110359
109326
108498
106545
105829
105073
103527
95394
84831
76953
74308
62348
61070
56565
55850
55679
55194
53167
49489
40552
38897
38155
35963
34733
33557
31719
21964
17411
15045
11683
11312
11287
6342
5203
2922
1624
1319
801